Entropy Sampling

[0.9350149502270025, 0.9361093801546864, 0.9392251017191452, 0.9394031429513999, 0.9417909900663466, 0.9475720936077962, 0.9476925332649097, 0.947776317374206, 0.9481428728523776, 0.9480276697020952]
[0.9295009085339352, 0.9332607204386099, 0.9371147894662428, 0.9360360690590521, 0.9384343891876606, 0.9416286583545849, 0.946425298611802, 0.9467866175831426, 0.9463676970366608, 0.9472421936774417]
[0.936183025428344, 0.9365076871517741, 0.9393458589920824, 0.9310355661681539, 0.9422782874617737, 0.9484468602069457, 0.9484835155628168, 0.938141468727745, 0.9485725357127895, 0.9486039545892505]
[0.647535, 0.665802, 0.696325, 0.633444, 0.713251, 0.766947, 0.768013, 0.734435, 0.76892, 0.767627]
[0.712089, 0.694164, 0.710356, 0.638711, 0.738275, 0.826975, 0.827497, 0.776963, 0.827979, 0.829418]
[0.67588, 0.694597, 0.727666, 0.663446, 0.746767, 0.784452, 0.78466, 0.759045, 0.786025, 0.784067]
[309797, 557627, 755897, 914507, 1041397, 1142907, 1224117, 1289087, 1341057, 1382637]

Margin Sampling

[0.9342399472160111, 0.9368843831656778, 0.9392198652123142, 0.9400577063052779, 0.9467290160080014, 0.9478653379903335, 0.9478496284698403, 0.9475720936077962, 0.9479281760723057, 0.9480643252499122]
[0.9268407630637754, 0.9337948441353742, 0.9358737373472904, 0.9350830248158059, 0.941434907601837, 0.9460849256677856, 0.9471584095681452, 0.946870401692439, 0.9470693889520179, 0.9442521482769274]
[0.9327636043735076, 0.9357798165137615, 0.9398799798919191, 0.9398223786184072, 0.9339418122407943, 0.9476142599807298, 0.9475880775836789, 0.948394495412844, 0.9481640903187969, 0.9466664572074902]
[0.629078, 0.651365, 0.70823, 0.707637, 0.723973, 0.772605, 0.770897, 0.766973, 0.7672, 0.75881]
[0.710138, 0.718253, 0.711106, 0.714815, 0.73208, 0.803128, 0.832132, 0.825216, 0.825001, 0.810059]
[0.668856, 0.672365, 0.738051, 0.735361, 0.743431, 0.778497, 0.771844, 0.783532, 0.784477, 0.775893]
[309797, 557627, 755897, 914507, 1041397, 1142907, 1224117, 1289087, 1341057, 1382637, 309797, 557627, 755897, 914507, 1041397, 1142907, 1224117, 1289087, 1341057, 1382637]

Random Sampling

[0.9345122455712244, 0.9382930035032231, 0.9393664874035829, 0.9403823697288013, 0.9417072059570502, 0.9474359444301895, 0.9476768237444165, 0.9474987825121618, 0.9478601014835024, 0.9478391554561783]
[0.9317735524985993, 0.9337372425602329, 0.9383401320647022, 0.933066969685862, 0.940298585619505, 0.9443516419067168, 0.9410631156168343, 0.9430529882126232, 0.9382092193939267, 0.9470274968973696]
[0.9326431653470738, 0.9324703615265385, 0.9396129194420008, 0.9325122533618198, 0.9404978844623183, 0.945341627916719, 0.93316157680868, 0.9379791378660299, 0.9484154413304847, 0.9373874156926815]
[0.622231, 0.644053, 0.68764, 0.649451, 0.699426, 0.745638, 0.727241, 0.736325, 0.764948, 0.732889]
[0.735278, 0.674801, 0.73538, 0.66058, 0.713284, 0.778592, 0.74022, 0.751642, 0.823859, 0.757227]
[0.66016, 0.677099, 0.728154, 0.685628, 0.721955, 0.766882, 0.746224, 0.754199, 0.78115, 0.753665]
[309797, 557627, 755897, 914507, 1041397, 1142907, 1224117, 1289087, 1341057, 1382637, 309797, 557627, 755897, 914507, 1041397, 1142907, 1224117, 1289087, 1341057, 1382637, 309797, 557627, 755897, 914507, 1041397, 1142907, 1224117, 1289087, 1341057, 1382637]

Least Confidence Sampling
[0.9341142710520666, 0.9357847167311629, 0.9392984128147795, 0.9395759476768237, 0.940995041028031, 0.9474830729916687, 0.947776317374206, 0.9480381427157571, 0.9477867903878681, 0.9480643252499122]
[0.928087051689559, 0.9306843590777464, 0.9382720574758989, 0.9343027852979834, 0.9393612508967518, 0.9397854079500647, 0.9424560264338865, 0.9437494436211492, 0.9471793555954694, 0.9469227667607493]
[0.9328683339617109, 0.9366595450546689, 0.939298730677391, 0.9276528004691885, 0.940393154874115, 0.9430009216203762, 0.9453992291902308, 0.9401418038624272, 0.9484520966863559, 0.9332453604792426]
[0.623348, 0.660274, 0.704164, 0.610812, 0.697739, 0.725932, 0.756023, 0.739438, 0.768788, 0.719819]
[0.725354, 0.694525, 0.71155, 0.630613, 0.710176, 0.765988, 0.800121, 0.781777, 0.821495, 0.768499]
[0.659207, 0.696148, 0.737274, 0.648198, 0.734445, 0.742639, 0.775649, 0.762529, 0.78464, 0.745672]
[309797, 557627, 755897, 914507, 1041397, 1142907, 1224117, 1289087, 1341057, 1382637, 309797, 557627, 755897, 914507, 1041397, 1142907, 1224117, 1289087, 1341057, 1382637, 309797, 557627, 755897, 914507, 1041397, 1142907, 1224117, 1289087, 1341057, 1382637, 309797, 557627, 755897, 914507, 1041397, 1142907, 1224117, 1289087, 1341057, 1382637]


