Number of samples:
[309797, 359357, 406937, 452617, 496457, 538557, 578957, 617757, 654997, 690737, 725057, 757997, 789617, 819977, 849137, 877117, 903977, 929777, 954537, 978297, 1001117, 1023017, 1044037, 1064217, 1083597, 1102197, 1120057, 1137197, 1153657, 1169457, 1184637, 1199197, 1213177, 1226597, 1239477, 1251857, 1263737, 1275137, 1286077, 1296577, 1306657, 1316337, 1325637, 1334557, 1343117, 1351337, 1359237, 1366817, 1374097, 1381077]

Fedavg:
[0.9300092162037619, 0.9324965439235893, 0.932679820702945, 0.9337323530643877, 0.9336956977085166, 0.934575426249424, 0.9351671484227724, 0.9356855598843785, 0.936439612919442, 0.9364605588370827, 0.9365548154664656, 0.9363610657282896, 0.9364657953164928, 0.9363715386871099, 0.9364134305223912, 0.9362039713459847, 0.9367799840811026, 0.9367799840811026, 0.9362563361400863, 0.9365495789870554, 0.9366176532193875, 0.9365286330694148, 0.9361358971136525, 0.9376649491014202, 0.9372617401868376, 0.9396338653596414, 0.9397647773448955, 0.9397647773448955, 0.9399899459595324, 0.9399690000418919, 0.9400056553977629, 0.9399375811654308, 0.9397595408654853, 0.9400004189183528, 0.9399951824389426, 0.939942817644841, 0.9401156214653764, 0.9400632566712748, 0.9402674793682712, 0.9400894390683255, 0.9400999120271459, 0.9400004189183528, 0.9404141007917557, 0.9407806543504671, 0.9408487285827992, 0.9411681538268192, 0.9421369025176993, 0.9411524443885887, 0.942095010682418, 0.9422049767500315]
[0.9292446902098781, 0.9322242469942608, 0.9335386033262117, 0.9336328599555946, 0.9332348875204223, 0.9345806627288341, 0.9337375895437979, 0.9341617443760211, 0.9351566754639521, 0.9359369108960663, 0.9358897825813749, 0.9359107284990156, 0.9361149511960118, 0.9365548154664656, 0.9360940052783713, 0.9359788027313477, 0.9363715386871099, 0.9363191738930082, 0.9364919777135436, 0.9366281261782079, 0.9368532947928448, 0.9364605588370827, 0.9374764358426543, 0.9363977210841608, 0.9375549830338067, 0.9378063340454945, 0.9378325164425454, 0.9393039671568011, 0.9390840350215743, 0.9397595408654853, 0.9402465334506305, 0.9400737296300951, 0.940105148506556, 0.9405345398181895, 0.941293829332663, 0.9411053160738972, 0.9418070043148591, 0.9423620711323363, 0.9426553139793055, 0.9418960244648318, 0.947362908969042, 0.9472634158602489, 0.9472424699426082, 0.9477399354865736, 0.9479022663482887, 0.948137907921746, 0.948394495412844, 0.9481902727158477, 0.948232164551129, 0.9480907796070546]
[0.9313445184533534, 0.9323027941854133, 0.9329625905910938, 0.9338632650496418, 0.9342664739642244, 0.9342978928406853, 0.9361097147166018, 0.9360782958401408, 0.9356541410079176, 0.9362615726194965, 0.9366595450546689, 0.9366385991370282, 0.9361568430312932, 0.9365495789870554, 0.9364448493988522, 0.9365600519458758, 0.9364291399606217, 0.9365600519458758, 0.9367747476016924, 0.93669620041054, 0.9369423149428177, 0.93798437434544, 0.938078630974823, 0.9381467052071552, 0.9382200159188974, 0.9385027858070462, 0.9396600477566922, 0.9400789661095053, 0.9401260944241967, 0.9400527837124545, 0.9401313309036069, 0.9401208579447866, 0.940105148506556, 0.9404350467093964, 0.9404978844623183, 0.9417494030413472, 0.9419850446148046, 0.9424196724058481, 0.94215784843534, 0.9422521050647229, 0.9424249088852583, 0.9444095345817101, 0.9442629131582254, 0.9477137530895229, 0.9477451719659838, 0.9482478739893595, 0.9482059821540781, 0.9482845293452307, 0.9481326714423359, 0.948200745674668]
[0.9313864102886348, 0.9323446860206945, 0.9331039755351682, 0.9333081982321646, 0.9334652926144694, 0.9346906287964476, 0.9346016086464748, 0.9352561685727452, 0.9344759331406309, 0.9356750869255582, 0.9353870805579992, 0.9352038037786435, 0.9349681622051862, 0.9361620795107034, 0.9364762682753132, 0.9362720455783168, 0.9366647815340791, 0.936633362657618, 0.9366543085752587, 0.9366543085752587, 0.9381938335218466, 0.939780486783126, 0.9396862301537431, 0.9395972100037703, 0.9397438314272548, 0.9397438314272548, 0.9396757571949227, 0.9397438314272548, 0.9400632566712748, 0.9400423107536341, 0.9400527837124545, 0.9400894390683255, 0.9397752503037158, 0.9401732227388881, 0.9399166352477902, 0.9407806543504671, 0.9408592015416195, 0.9415504168237611, 0.9417598760001675, 0.9388745758451678, 0.9418436596707301, 0.9421264295588789, 0.9422468685853127, 0.9453835197520003, 0.947368145448452, 0.9462161199782162, 0.9475042939131163, 0.946273721251728, 0.9477137530895229, 0.9475776046248586]

Fedprox(rho = 0.3):
[0.9310722215240249, 0.9318000921620376, 0.9337637719408487, 0.9325750911147417, 0.934638264002346, 0.9348739055758033, 0.9345282979347325, 0.9359264379372461, 0.936120187675422, 0.9365181601105944, 0.9367956935193331, 0.9367852205605127, 0.9367171463281806, 0.9380000837836706, 0.9394348791420553, 0.9395553181684889, 0.9394977168949772, 0.9397961962213565, 0.9395343722508483, 0.9397647773448955, 0.9398590339742784, 0.9396967031125634, 0.9398747434125089, 0.9396338653596414, 0.9402046416153492, 0.9398747434125089, 0.940105148506556, 0.9402203510535797, 0.9402517699300407, 0.9438911231201039, 0.9453939927108207, 0.9463313225252399, 0.9464831804281345, 0.9467135855221818, 0.9468549704662561, 0.9467764232751037, 0.9465250722634159, 0.9466298018516192, 0.9469806459721001, 0.9470277742867915, 0.946174228142935, 0.9464936533869549, 0.9459333500900674, 0.9457500733107117, 0.9460904444723723, 0.9457867286665829, 0.9459019312136064, 0.945535377654895, 0.9455406141343052, 0.9461689916635247]
[0.929370365715722, 0.9296060072891793, 0.9338527920908215, 0.9338946839261028, 0.9332453604792426, 0.9353713711197688, 0.9353504252021281, 0.9357483976373004, 0.9351200201080809, 0.9359526203342968, 0.9362877550165473, 0.9379948473042604, 0.9382147794394873, 0.9390054878304218, 0.9387122449834527, 0.9392777847597503, 0.9394977168949772, 0.9394296426626451, 0.9396757571949227, 0.9395815005655398, 0.9396391018390515, 0.9398590339742784, 0.9399690000418919, 0.9399690000418919, 0.9408330191445687, 0.9410372418415651, 0.9416289640149135, 0.9412414645385614, 0.9421735578735705, 0.9449646013991873, 0.9471586862720456, 0.9470173013279711, 0.9470330107662017, 0.9471796321896863, 0.9471848686690963, 0.9471167944367642, 0.946305140128189, 0.9468654434250765, 0.9469806459721001, 0.9468235515897951, 0.9470487202044322, 0.9461061539106028, 0.9458181475430438, 0.9466507477692597, 0.9464412885928533, 0.946111390390013, 0.9457867286665829, 0.9466193288927988, 0.9453206819990784, 0.9452159524108751]
[0.9308575258682082, 0.9313602278915839, 0.9325331992794604, 0.9331406308910394, 0.9349891081228269, 0.9350781282727997, 0.9356593774873277, 0.9363715386871099, 0.935476100707972, 0.9365443425076453, 0.9364972141929538, 0.9367485652046417, 0.9379896108248502, 0.9395605546478991, 0.9396652842361024, 0.939717649030204, 0.9395186628126179, 0.9397281219890243, 0.9395919735243601, 0.9399532906036614, 0.9396495747978719, 0.9399951824389426, 0.9398014327007667, 0.9417598760001675, 0.9439173055171547, 0.9460694985547317, 0.946273721251728, 0.9466978760839513, 0.9472529429014285, 0.9469073352603578, 0.9469492270956391, 0.9474100372837334, 0.9474362196807842, 0.9470906120397135, 0.947237233463198, 0.9472895982572996, 0.9474100372837334, 0.947268652339659, 0.9472738888190692, 0.947362908969042, 0.9467292949604122, 0.9474414561601944, 0.9446765950316284, 0.9474362196807842, 0.9469754094926899, 0.9457972016254033, 0.9469439906162289, 0.9464517615516735, 0.9473471995308115, 0.9463993967575719]
[0.9292813455657493, 0.9318158016002681, 0.932810732688199, 0.933711407146747, 0.9342088726907126, 0.9354499183109212, 0.9354970466256126, 0.9351828578610029, 0.9358059989108123, 0.9363558292488794, 0.9361882619077542, 0.9364867412341334, 0.9375497465543966, 0.9379372460307486, 0.9391206903774454, 0.9388693393657576, 0.9393563319509027, 0.939623392400821, 0.9395343722508483, 0.9397124125507939, 0.9396129194420008, 0.9399690000418919, 0.9401418038624272, 0.940937748732772, 0.9411105525533073, 0.9408487285827992, 0.9409325122533618, 0.9417546395207574, 0.9418646055883708, 0.9419169703824725, 0.9422521050647229, 0.9444828452934523, 0.9442105483641239, 0.9458652758577353, 0.94601713376063, 0.9471377403544049, 0.9472267605043777, 0.9469492270956391, 0.9475461857483977, 0.9474362196807842, 0.9466402748104394, 0.9470173013279711, 0.9473210171337606, 0.946755477357463, 0.9469911189309204, 0.9459752419253488, 0.9464622345104939, 0.9459700054459386, 0.9464255791546228, 0.9460328431988605]

Fedprox(rho = 0.5):
[0.9286424950777094, 0.9305381006241883, 0.9326065099912028, 0.9331877592057308, 0.9345230614553224, 0.935282350969796, 0.9355284655020737, 0.9366543085752587, 0.9354184994344602, 0.9356803234049683, 0.9368637677516652, 0.9364448493988522, 0.9365600519458758, 0.9377068409367014, 0.93958673704495, 0.9398119056595869, 0.9398485610154581, 0.9399637635624817, 0.9399951824389426, 0.9401156214653764, 0.9401103849859662, 0.9395029533743874, 0.9401627497800679, 0.9405345398181895, 0.9398223786184072, 0.9421630849147501, 0.9429590297850949, 0.9441948389258934, 0.9442943320346865, 0.9448284529345231, 0.9464255791546228, 0.9455039587784341, 0.9465460181810565, 0.946561727619287, 0.94601713376063, 0.9464203426752126, 0.9460276067194504, 0.9456767625989695, 0.945661053160739, 0.9454201751078715, 0.9450588580285703, 0.944310041472917, 0.9451583511373634, 0.9420897742030079, 0.944954128440367, 0.9441372376523816, 0.9444933182522727, 0.9440901093376901, 0.9439487243936157, 0.9445928113610658]
[0.929019521595241, 0.9071048552637091, 0.9338527920908215, 0.9339418122407943, 0.934062251267228, 0.9350676553139793, 0.9355022831050228, 0.9363348833312387, 0.9360364040048594, 0.9363663022076997, 0.936183025428344, 0.9377749151690336, 0.9380262661807214, 0.9379739013866197, 0.9397438314272548, 0.9399690000418919, 0.9394977168949772, 0.9397595408654853, 0.940037074274224, 0.9401260944241967, 0.9401208579447866, 0.9401732227388881, 0.9400894390683255, 0.9405293033387793, 0.9459333500900674, 0.9464622345104939, 0.945980478404759, 0.9469073352603578, 0.9461585187047045, 0.9453363914373089, 0.9470487202044322, 0.9465669640986971, 0.9450902769050312, 0.9463575049222906, 0.9463575049222906, 0.9465303087428261, 0.9461689916635247, 0.9439958527083071, 0.9466402748104394, 0.9443362238699677, 0.9450379121109296, 0.9442314942817644, 0.9442053118847137, 0.9440429810229987, 0.9423620711323363, 0.9448598718109841, 0.9396600477566922, 0.9435298060408026, 0.9438178124083616, 0.9414456872355578]
[0.9307580327594152, 0.9313445184533534, 0.9340831971848687, 0.9333029617527544, 0.9354551547903314, 0.9347063382346781, 0.9364291399606217, 0.9362039713459847, 0.9358478907460935, 0.9362563361400863, 0.9376387667043693, 0.9364553223576725, 0.9380576850571823, 0.9390211972686523, 0.9395081898537975, 0.9371570105986343, 0.939461061539106, 0.9394401156214653, 0.9398956893301496, 0.9399375811654308, 0.9402831888065016, 0.9402203510535797, 0.9405135939005488, 0.944797034058062, 0.945147878178543, 0.9454830128607934, 0.9454987222990239, 0.9457762557077626, 0.9456401072430983, 0.9459595324871183, 0.9461270998282435, 0.9449174730844958, 0.9456243978048678, 0.9454934858196138, 0.9452944996020276, 0.9454201751078715, 0.9448651082903942, 0.9442053118847137, 0.9458390934606845, 0.9423934900087972, 0.9426238951028445, 0.945435884546102, 0.9429485568262745, 0.9402831888065016, 0.940906329856311, 0.9405659586946504, 0.9431004147291693, 0.9415975451384525, 0.939654811277282, 0.9381833605630263]
[0.9294070210715931, 0.928118847136693, 0.9335595492438524, 0.9329992459469649, 0.9349000879728541, 0.9357222152402497, 0.9343712035524276, 0.9359054920196054, 0.9340674877466382, 0.9366281261782079, 0.936727619287001, 0.936471031795903, 0.9373978886515019, 0.9375235641573457, 0.9391625822127267, 0.9386651166687613, 0.9386755896275816, 0.9395919735243601, 0.9393929873067739, 0.9402727158476812, 0.93991139876838, 0.9411576808679988, 0.9412624104562021, 0.9405764316534707, 0.9415870721796322, 0.9418436596707301, 0.941901260944242, 0.9422206861882619, 0.9424563277617193, 0.9459909513635792, 0.9457710192283524, 0.9449855473168279, 0.9463208495664195, 0.9455563235725357, 0.9453521008755393, 0.9469911189309204, 0.9442367307611746, 0.9467450043986427, 0.9468654434250765, 0.9448546353315739, 0.9460642620753216, 0.9450536215491601, 0.9417075112060659, 0.9456872355577898, 0.9444514264169913, 0.9444042981022999, 0.9459333500900674, 0.9456243978048678, 0.9418017678354489, 0.9460328431988605]

Fedprox(rho = 0.8):
[0.9191382849482636, 0.8616103221482133, 0.9270139499811487, 0.9267416530518202, 0.9347848854258305, 0.9322347199530812, 0.9351985672992333, 0.9362249172636253, 0.9377277868543421, 0.9377958610866742, 0.938078630974823, 0.9381152863306942, 0.9388588664069373, 0.9386232248334799, 0.9393196765950317, 0.937952955468979, 0.9388012651334255, 0.9389007582422186, 0.9387698462569645, 0.9394244061832349, 0.9383352184659209, 0.9407073436387248, 0.9390735620627539, 0.9413043022914834, 0.9393353860332622, 0.9404298102299862, 0.9338266096937707, 0.9430637593732981, 0.9418122407942692, 0.9442105483641239, 0.9442681496376356, 0.9405345398181895, 0.9443152779523271, 0.9442367307611746, 0.9389740689539608, 0.9441005822965104, 0.940518830379959, 0.940518830379959, 0.9447760881404215, 0.9389583595157304, 0.9441372376523816, 0.9364134305223912, 0.941644673453144, 0.9393720413891332, 0.9436816639436973, 0.941613254576683, 0.9437549746554397, 0.9395081898537975, 0.9416499099325542, 0.9382200159188974]
[0.916546227640233, 0.8872009970256797, 0.9322870847471828, 0.9234740898998786, 0.9342612374848142, 0.9341198525407398, 0.9346225545641155, 0.9354080264756399, 0.9352299861756943, 0.9376178207867286, 0.9362196807842151, 0.9393092036362113, 0.9394453521008755, 0.938816974571656, 0.9391940010891877, 0.9386860625864019, 0.9401260944241967, 0.9409220392945415, 0.9403669724770642, 0.943058522893888, 0.9398328515772276, 0.9430794688115286, 0.9404088643123455, 0.9447132503874994, 0.9406235599681622, 0.9464046332369821, 0.9422206861882619, 0.9475461857483977, 0.9430218675380169, 0.9463470319634704, 0.9452002429726446, 0.9403669724770642, 0.9433308198232164, 0.9429276109086339, 0.9463260860458297, 0.9451059863432617, 0.9447394327845503, 0.945147878178543, 0.9419274433412927, 0.9414771061120187, 0.945116459302082, 0.9392254199656487, 0.9454463575049223, 0.9442733861170458, 0.9391468727744963, 0.9439068325583344, 0.9411210255121277, 0.9408592015416195, 0.9435140966025721, 0.9382933266306397]
[0.929789284068535, 0.9049893175820033, 0.9328735704411211, 0.9336799882702861, 0.9340884336642788, 0.9315644505885803, 0.9345282979347325, 0.9354551547903314, 0.9362249172636253, 0.9363663022076997, 0.9367852205605127, 0.9370994093251225, 0.9382252523983076, 0.9377487327719828, 0.9399585270830715, 0.9385446776423275, 0.9385394411629173, 0.9366543085752587, 0.9375549830338067, 0.9398956893301496, 0.9392882577185706, 0.9426238951028445, 0.9393982237861841, 0.9410896066356667, 0.942770516526329, 0.9454306480666917, 0.9454097021490512, 0.944797034058062, 0.9449960202756483, 0.9407178165975452, 0.9456977085166101, 0.9418436596707301, 0.9428385907586612, 0.9435036236437518, 0.9395081898537975, 0.9430323404968372, 0.945404465669641, 0.9436764274642873, 0.9437130828201583, 0.9448860542080348, 0.9413514306061749, 0.9432941644673453, 0.9416394369737339, 0.9412676469356123, 0.9367904570399229, 0.9407073436387248, 0.9414823425914289, 0.9393877508273637, 0.9457553097901219, 0.9356122491726363]
[0.9264588831636714, 0.8976163545724938, 0.9317005990532445, 0.9262337145490344, 0.9322923212265929, 0.9328526245234804, 0.9345021155376817, 0.9341355619789703, 0.9361568430312932, 0.9379948473042604, 0.9377016044572912, 0.9375392735955762, 0.9386389342717104, 0.9392516023626996, 0.9393249130744418, 0.939717649030204, 0.9395605546478991, 0.9380105567424909, 0.9406916342004943, 0.9388012651334255, 0.9413828494826358, 0.9401103849859662, 0.9377487327719828, 0.940712580118135, 0.9391259268568556, 0.9439539608730259, 0.9445561560051946, 0.9377749151690336, 0.9459700054459386, 0.9460694985547317, 0.9421107201206484, 0.9471377403544049, 0.9392934941979808, 0.9449331825227263, 0.9445404465669641, 0.942770516526329, 0.9450902769050312, 0.9455196682166646, 0.9361934983871644, 0.9453049725608479, 0.9372250848309664, 0.9417127476854761, 0.9383718738217921, 0.94537304679318, 0.9359159649784257, 0.9448755812492146, 0.9340989066230991, 0.9452683172049767, 0.9394820074567467, 0.9459071676930166]
