At the end

[0.9313445184533534, 0.9319152947090612, 0.9332348875204223, 0.9324441791294876, 0.9344864060994512, 0.9355860667755854, 0.9358950190607851, 0.9362668090989066, 0.9362144443048049, 0.9361097147166018, 0.9361882619077542, 0.9355808302961752, 0.9365181601105944, 0.9366281261782079, 0.9363034644547777, 0.9363977210841608, 0.936408194042981, 0.9361673159901135, 0.9363872481253404, 0.9378482258807759, 0.9377068409367014, 0.9378744082778266, 0.9380053202630807, 0.9381781240836161, 0.9380000837836706, 0.9397700138243057, 0.9399637635624817, 0.93991139876838, 0.9399847094801224, 0.939618155921411, 0.9400108918771731, 0.9401836956977085, 0.940843492103389, 0.9402570064094508, 0.9415713627414017, 0.9413566670855851, 0.9417546395207574, 0.9419798081353944, 0.943734028737799, 0.9473786184072724, 0.947493820954296, 0.9479389217041598, 0.948101252565875, 0.9481797997570274, 0.94794415818357, 0.9483421306187424, 0.9480279418541326, 0.9483211847011017, 0.948200745674668, 0.9482531104687696]
[309797, 359357, 406937, 452617, 496457, 538557, 578957, 617757, 654997, 690737, 725057, 757997, 789617, 819977, 849137, 877117, 903977, 929777, 954537, 978297, 1001117, 1023017, 1044037, 1064217, 1083597, 1102197, 1120057, 1137197, 1153657, 1169457, 1184637, 1199197, 1213177, 1226597, 1239477, 1251857, 1263737, 1275137, 1286077, 1296577, 1306657, 1316337, 1325637, 1334557, 1343117, 1351337, 1359237, 1366817, 1374097, 1381077]
[309797, 359357, 406937, 452617, 496457, 538557, 578957, 617757, 654997, 690737, 725057, 757997, 789617, 819977, 849137, 877117, 903977, 929777, 954537, 978297, 1001117, 1023017, 1044037, 1064217, 1083597, 1102197, 1120057, 1137197, 1153657, 1169457, 1184637, 1199197, 1213177, 1226597, 1239477, 1251857, 1263737, 1275137, 1286077, 1296577, 1306657, 1316337, 1325637, 1334557, 1343117, 1351337, 1359237, 1366817, 1374097, 1381077]
[309797, 359357, 406937, 452617, 496457, 538557, 578957, 617757, 654997, 690737, 725057, 757997, 789617, 819977, 849137, 877117, 903977, 929777, 954537, 978297, 1001117, 1023017, 1044037, 1064217, 1083597, 1102197, 1120057, 1137197, 1153657, 1169457, 1184637, 1199197, 1213177, 1226597, 1239477, 1251857, 1263737, 1275137, 1286077, 1296577, 1306657, 1316337, 1325637, 1334557, 1343117, 1351337, 1359237, 1366817, 1374097, 1381077]
100%|█████████████████████████████████████████████████████████████████████████████████████████████████████████████████████████████████████████████████████████████████████████████| 50/50 [45:47<00:00, 54.95s/it]
[0.9310980431173973, 0.9322448381133913, 0.9331140982473412, 0.9340252504359392, 0.9333811600957234, 0.9346850502966481, 0.9343237313253075, 0.9354181612529914, 0.935323904130033, 0.9355281278964428, 0.9350934978294679, 0.9352924850890468, 0.9357428246765148, 0.9373870878214561, 0.9364340435782098, 0.9370938434389188, 0.936685395906099, 0.9365021181670131, 0.9367325244675782, 0.9376279671356831, 0.9375075274785696, 0.9375546560400488, 0.9374446893965973, 0.9374970544649075, 0.9391779731576659, 0.9390365874732284, 0.9394293254855551, 0.9392984128147795, 0.9394607445265413, 0.9396021302109788, 0.9402043284965466, 0.9397644619227405, 0.940089125346264, 0.9401257808940812, 0.9410683521236654, 0.9405761204815491, 0.9445139736184786, 0.9460063780653202, 0.9463781700503229, 0.9465352652552536, 0.9467499620353255, 0.9468232731309598, 0.9474673634711757, 0.9472736127184278, 0.9473992888823723, 0.9472421936774417, 0.9474673634711757, 0.9478339189493473, 0.9474778364848377, 0.9473940523755413]
[0.9246728492357318, 0.9261809632030665, 0.9269193106662408, 0.9287101960024506, 0.9257777521770777, 0.9253535951237648, 0.9299250655872481, 0.9299303020940791, 0.9292129006582289, 0.93013976236732, 0.9273853597742018, 0.9295951656568936, 0.9297313148345002, 0.9321034524289536, 0.9320615603743055, 0.9311556446925385, 0.931935884210361, 0.9339519393403048, 0.9325014269481114, 0.934878801049396, 0.9341404535862217, 0.9328784554399451, 0.9350149502270025, 0.9338733917378396, 0.9350201867338336, 0.9358475548131353, 0.9355595469374289, 0.9311975367471866, 0.9343342043389695, 0.9355595469374289, 0.9374761084375834, 0.936680159399268, 0.9331507537951583, 0.9386752685018878, 0.9349678216655234, 0.9388323637068184, 0.9384343891876606, 0.9383087130237161, 0.9408274728094382, 0.9408484188367624, 0.9384396256944917, 0.9395340556221755, 0.9410159870553552, 0.9458545193672205, 0.9395235826085135, 0.9403614237014772, 0.9442992768384066, 0.9420004503395875, 0.9436394769776977, 0.9429063660213545]
[0.9300092162037619, 0.9323970508147962, 0.9320619161325457, 0.9341826902936617, 0.9340989066230991, 0.9345544803317833, 0.9342298186083532, 0.9349053244522643, 0.9357431611578904, 0.9363348833312387, 0.9358531272255037, 0.9366857274517196, 0.9360364040048594, 0.935957856813707, 0.9367642746428722, 0.9364448493988522, 0.93669620041054, 0.9364291399606217, 0.9365809978635165, 0.9367328557664111, 0.9365391060282351, 0.9380419756189519, 0.9380472120983621, 0.9381309957689247, 0.9382200159188974, 0.9384190021364835, 0.9380733944954128, 0.9380995768924637, 0.9388431569687068, 0.9401260944241967, 0.9398171421389971, 0.9398904528507394, 0.9399271082066105, 0.9400632566712748, 0.9397019395919736, 0.9397595408654853, 0.9398747434125089, 0.9401103849859662, 0.9401418038624272, 0.940712580118135, 0.9402465334506305, 0.9406706882828537, 0.9405240668593691, 0.9411210255121277, 0.941613254576683, 0.9416394369737339, 0.9423254157764651, 0.9422573415441331, 0.9421316660382891, 0.9422363956264924]
[0.9263070252607767, 0.9323342130618743, 0.9332348875204223, 0.9336956977085166, 0.9338161367349503, 0.9345858992082443, 0.9348424866993423, 0.9345230614553224, 0.9351985672992333, 0.9355755938167651, 0.9356279586108668, 0.935832181307863, 0.9365024506723639, 0.9360782958401408, 0.9364500858782623, 0.9365548154664656, 0.9364815047547234, 0.9363505927694692, 0.9363401198106489, 0.9364029575635708, 0.9380157932219011, 0.9371831929956851, 0.9373245779397595, 0.9382828536718194, 0.939654811277282, 0.9393196765950317, 0.9396391018390515, 0.9395815005655398, 0.9394715344979263, 0.9393406225126723, 0.9392830212391605, 0.9396024464831805, 0.9397647773448955, 0.9398171421389971, 0.9399585270830715, 0.940843492103389, 0.9399585270830715, 0.9405973775711114, 0.941450923714968, 0.941613254576683, 0.9416656193707846, 0.9419117339030623, 0.9455825059695865, 0.9468968623015375, 0.9468602069456663, 0.9477399354865736, 0.9474885844748858, 0.9476980436512924, 0.9477661178836245, 0.9478289556365465]
[0.9313445184533534, 0.9319152947090612, 0.9332348875204223, 0.9324441791294876, 0.9344864060994512, 0.9355860667755854, 0.9358950190607851, 0.9362668090989066, 0.9362144443048049, 0.9361097147166018, 0.9361882619077542, 0.9355808302961752, 0.9365181601105944, 0.9366281261782079, 0.9363034644547777, 0.9363977210841608, 0.936408194042981, 0.9361673159901135, 0.9363872481253404, 0.9378482258807759, 0.9377068409367014, 0.9378744082778266, 0.9380053202630807, 0.9381781240836161, 0.9380000837836706, 0.9397700138243057, 0.9399637635624817, 0.93991139876838, 0.9399847094801224, 0.939618155921411, 0.9400108918771731, 0.9401836956977085, 0.940843492103389, 0.9402570064094508, 0.9415713627414017, 0.9413566670855851, 0.9417546395207574, 0.9419798081353944, 0.943734028737799, 0.9473786184072724, 0.947493820954296, 0.9479389217041598, 0.948101252565875, 0.9481797997570274, 0.94794415818357, 0.9483421306187424, 0.9480279418541326, 0.9483211847011017, 0.948200745674668, 0.9482531104687696]
[309797, 359357, 406937, 452617, 496457, 538557, 578957, 617757, 654997, 690737, 725057, 757997, 789617, 819977, 849137, 877117, 903977, 929777, 954537, 978297, 1001117, 1023017, 1044037, 1064217, 1083597, 1102197, 1120057, 1137197, 1153657, 1169457, 1184637, 1199197, 1213177, 1226597, 1239477, 1251857, 1263737, 1275137, 1286077, 1296577, 1306657, 1316337, 1325637, 1334557, 1343117, 1351337, 1359237, 1366817, 1374097, 1381077]
[309797, 359357, 406937, 452617, 496457, 538557, 578957, 617757, 654997, 690737, 725057, 757997, 789617, 819977, 849137, 877117, 903977, 929777, 954537, 978297, 1001117, 1023017, 1044037, 1064217, 1083597, 1102197, 1120057, 1137197, 1153657, 1169457, 1184637, 1199197, 1213177, 1226597, 1239477, 1251857, 1263737, 1275137, 1286077, 1296577, 1306657, 1316337, 1325637, 1334557, 1343117, 1351337, 1359237, 1366817, 1374097, 1381077]
[309797, 359357, 406937, 452617, 496457, 538557, 578957, 617757, 654997, 690737, 725057, 757997, 789617, 819977, 849137, 877117, 903977, 929777, 954537, 978297, 1001117, 1023017, 1044037, 1064217, 1083597, 1102197, 1120057, 1137197, 1153657, 1169457, 1184637, 1199197, 1213177, 1226597, 1239477, 1251857, 1263737, 1275137, 1286077, 1296577, 1306657, 1316337, 1325637, 1334557, 1343117, 1351337, 1359237, 1366817, 1374097, 1381077]
[0.9300092162037619, 0.9323970508147962, 0.9320619161325457, 0.9341826902936617, 0.9340989066230991, 0.9345544803317833, 0.9342298186083532, 0.9349053244522643, 0.9357431611578904, 0.9363348833312387, 0.9358531272255037, 0.9366857274517196, 0.9360364040048594, 0.935957856813707, 0.9367642746428722, 0.9364448493988522, 0.93669620041054, 0.9364291399606217, 0.9365809978635165, 0.9367328557664111, 0.9365391060282351, 0.9380419756189519, 0.9380472120983621, 0.9381309957689247, 0.9382200159188974, 0.9384190021364835, 0.9380733944954128, 0.9380995768924637, 0.9388431569687068, 0.9401260944241967, 0.9398171421389971, 0.9398904528507394, 0.9399271082066105, 0.9400632566712748, 0.9397019395919736, 0.9397595408654853, 0.9398747434125089, 0.9401103849859662, 0.9401418038624272, 0.940712580118135, 0.9402465334506305, 0.9406706882828537, 0.9405240668593691, 0.9411210255121277, 0.941613254576683, 0.9416394369737339, 0.9423254157764651, 0.9422573415441331, 0.9421316660382891, 0.9422363956264924]
[0.9263070252607767, 0.9323342130618743, 0.9332348875204223, 0.9336956977085166, 0.9338161367349503, 0.9345858992082443, 0.9348424866993423, 0.9345230614553224, 0.9351985672992333, 0.9355755938167651, 0.9356279586108668, 0.935832181307863, 0.9365024506723639, 0.9360782958401408, 0.9364500858782623, 0.9365548154664656, 0.9364815047547234, 0.9363505927694692, 0.9363401198106489, 0.9364029575635708, 0.9380157932219011, 0.9371831929956851, 0.9373245779397595, 0.9382828536718194, 0.939654811277282, 0.9393196765950317, 0.9396391018390515, 0.9395815005655398, 0.9394715344979263, 0.9393406225126723, 0.9392830212391605, 0.9396024464831805, 0.9397647773448955, 0.9398171421389971, 0.9399585270830715, 0.940843492103389, 0.9399585270830715, 0.9405973775711114, 0.941450923714968, 0.941613254576683, 0.9416656193707846, 0.9419117339030623, 0.9455825059695865, 0.9468968623015375, 0.9468602069456663, 0.9477399354865736, 0.9474885844748858, 0.9476980436512924, 0.9477661178836245, 0.9478289556365465]
[0.9313445184533534, 0.9319152947090612, 0.9332348875204223, 0.9324441791294876, 0.9344864060994512, 0.9355860667755854, 0.9358950190607851, 0.9362668090989066, 0.9362144443048049, 0.9361097147166018, 0.9361882619077542, 0.9355808302961752, 0.9365181601105944, 0.9366281261782079, 0.9363034644547777, 0.9363977210841608, 0.936408194042981, 0.9361673159901135, 0.9363872481253404, 0.9378482258807759, 0.9377068409367014, 0.9378744082778266, 0.9380053202630807, 0.9381781240836161, 0.9380000837836706, 0.9397700138243057, 0.9399637635624817, 0.93991139876838, 0.9399847094801224, 0.939618155921411, 0.9400108918771731, 0.9401836956977085, 0.940843492103389, 0.9402570064094508, 0.9415713627414017, 0.9413566670855851, 0.9417546395207574, 0.9419798081353944, 0.943734028737799, 0.9473786184072724, 0.947493820954296, 0.9479389217041598, 0.948101252565875, 0.9481797997570274, 0.94794415818357, 0.9483421306187424, 0.9480279418541326, 0.9483211847011017, 0.948200745674668, 0.9482531104687696]
[309797, 359357, 406937, 452617, 496457, 538557, 578957, 617757, 654997, 690737, 725057, 757997, 789617, 819977, 849137, 877117, 903977, 929777, 954537, 978297, 1001117, 1023017, 1044037, 1064217, 1083597, 1102197, 1120057, 1137197, 1153657, 1169457, 1184637, 1199197, 1213177, 1226597, 1239477, 1251857, 1263737, 1275137, 1286077, 1296577, 1306657, 1316337, 1325637, 1334557, 1343117, 1351337, 1359237, 1366817, 1374097, 1381077]
[309797, 359357, 406937, 452617, 496457, 538557, 578957, 617757, 654997, 690737, 725057, 757997, 789617, 819977, 849137, 877117, 903977, 929777, 954537, 978297, 1001117, 1023017, 1044037, 1064217, 1083597, 1102197, 1120057, 1137197, 1153657, 1169457, 1184637, 1199197, 1213177, 1226597, 1239477, 1251857, 1263737, 1275137, 1286077, 1296577, 1306657, 1316337, 1325637, 1334557, 1343117, 1351337, 1359237, 1366817, 1374097, 1381077]
[309797, 359357, 406937, 452617, 496457, 538557, 578957, 617757, 654997, 690737, 725057, 757997, 789617, 819977, 849137, 877117, 903977, 929777, 954537, 978297, 1001117, 1023017, 1044037, 1064217, 1083597, 1102197, 1120057, 1137197, 1153657, 1169457, 1184637, 1199197, 1213177, 1226597, 1239477, 1251857, 1263737, 1275137, 1286077, 1296577, 1306657, 1316337, 1325637, 1334557, 1343117, 1351337, 1359237, 1366817, 1374097, 1381077]


After margin sampling

[0.9263070252607767, 0.9323342130618743, 0.9332348875204223, 0.9336956977085166, 0.9338161367349503, 0.9345858992082443, 0.9348424866993423, 0.9345230614553224, 0.9351985672992333, 0.9355755938167651, 0.9356279586108668, 0.935832181307863, 0.9365024506723639, 0.9360782958401408, 0.9364500858782623, 0.9365548154664656, 0.9364815047547234, 0.9363505927694692, 0.9363401198106489, 0.9364029575635708, 0.9380157932219011, 0.9371831929956851, 0.9373245779397595, 0.9382828536718194, 0.939654811277282, 0.9393196765950317, 0.9396391018390515, 0.9395815005655398, 0.9394715344979263, 0.9393406225126723, 0.9392830212391605, 0.9396024464831805, 0.9397647773448955, 0.9398171421389971, 0.9399585270830715, 0.940843492103389, 0.9399585270830715, 0.9405973775711114, 0.941450923714968, 0.941613254576683, 0.9416656193707846, 0.9419117339030623, 0.9455825059695865, 0.9468968623015375, 0.9468602069456663, 0.9477399354865736, 0.9474885844748858, 0.9476980436512924, 0.9477661178836245, 0.9478289556365465]
[309797, 359357, 406937, 452617, 496457, 538557, 578957, 617757, 654997, 690737, 725057, 757997, 789617, 819977, 849137, 877117, 903977, 929777, 954537, 978297, 1001117, 1023017, 1044037, 1064217, 1083597, 1102197, 1120057, 1137197, 1153657, 1169457, 1184637, 1199197, 1213177, 1226597, 1239477, 1251857, 1263737, 1275137, 1286077, 1296577, 1306657, 1316337, 1325637, 1334557, 1343117, 1351337, 1359237, 1366817, 1374097, 1381077]
[309797, 359357, 406937, 452617, 496457, 538557, 578957, 617757, 654997, 690737, 725057, 757997, 789617, 819977, 849137, 877117, 903977, 929777, 954537, 978297, 1001117, 1023017, 1044037, 1064217, 1083597, 1102197, 1120057, 1137197, 1153657, 1169457, 1184637, 1199197, 1213177, 1226597, 1239477, 1251857, 1263737, 1275137, 1286077, 1296577, 1306657, 1316337, 1325637, 1334557, 1343117, 1351337, 1359237, 1366817, 1374097, 1381077]
[]
100%|█████████████████████████████████████████████████████████████████████████████████████████████████████████████████████████████████████████████████████████████████████████████| 50/50 [50:49<00:00, 60.98s/it]
[0.9308624003100012, 0.9315588557185273, 0.9325328459890976, 0.933286902972765, 0.9337686616012191, 0.9336272759167814, 0.9337215330397398, 0.9348473820084098, 0.9344546439960831, 0.9344860630370693, 0.9347897804332685, 0.9348159629674236, 0.9356485675535564, 0.9352558295412297, 0.9356956961150356, 0.9355857294715841, 0.9358894468677834, 0.9366644498787748, 0.9367587070017332, 0.9372509386438495, 0.9372666481643426, 0.9374603989170904, 0.9383191860373782, 0.9380154686411788, 0.9390837160347075, 0.9391203715825247, 0.9390051684322422, 0.9390627700073835, 0.9392355747328073, 0.939853482538868, 0.9394450350060481, 0.939408379458231, 0.9397173333612614, 0.9400367602779538, 0.9407227426728179, 0.9398011174705577, 0.9404766268517597, 0.94052899192007, 0.9408117632889452, 0.9445715751936199, 0.94370231505967, 0.9455403289573592, 0.9463048589546885, 0.9463572240229987, 0.9469751318290595, 0.9466609414191981, 0.9467813810763116, 0.9470589159383559, 0.9475825666214581, 0.9472579031979347]
[0.9177501872051192, 0.9234003780757932, 0.9276314755952599, 0.9284693166882236, 0.9276000565542738, 0.9298203354506276, 0.9304277702430263, 0.9270973518984955, 0.9276681311430771, 0.9305167908591537, 0.9298727005189378, 0.930574392434295, 0.9302759115449266, 0.9311556446925385, 0.9306372305162672, 0.9300193227102065, 0.9327894348238177, 0.9333497410547372, 0.9284012420994203, 0.9332554839317788, 0.9296370577115418, 0.9325904475642388, 0.9347374153649584, 0.9329831855765656, 0.933983358381291, 0.934669340776155, 0.9340200139291082, 0.9347112328308033, 0.9328260903716349, 0.9349468756381992, 0.9340985615315736, 0.9353186676232019, 0.9351929914592574, 0.93602559604539, 0.9383244225442092, 0.9289563118235088, 0.9351720454319332, 0.9382982400100541, 0.9341195075588976, 0.934878801049396, 0.9346955233103101, 0.9394764540470343, 0.9376593861766692, 0.9311818272266936, 0.9316950048961339, 0.9396492587724581, 0.9394659810333723, 0.9410055140416931, 0.9367691800153953, 0.944388297454534]
[0.9300092162037619, 0.9323970508147962, 0.9320619161325457, 0.9341826902936617, 0.9340989066230991, 0.9345544803317833, 0.9342298186083532, 0.9349053244522643, 0.9357431611578904, 0.9363348833312387, 0.9358531272255037, 0.9366857274517196, 0.9360364040048594, 0.935957856813707, 0.9367642746428722, 0.9364448493988522, 0.93669620041054, 0.9364291399606217, 0.9365809978635165, 0.9367328557664111, 0.9365391060282351, 0.9380419756189519, 0.9380472120983621, 0.9381309957689247, 0.9382200159188974, 0.9384190021364835, 0.9380733944954128, 0.9380995768924637, 0.9388431569687068, 0.9401260944241967, 0.9398171421389971, 0.9398904528507394, 0.9399271082066105, 0.9400632566712748, 0.9397019395919736, 0.9397595408654853, 0.9398747434125089, 0.9401103849859662, 0.9401418038624272, 0.940712580118135, 0.9402465334506305, 0.9406706882828537, 0.9405240668593691, 0.9411210255121277, 0.941613254576683, 0.9416394369737339, 0.9423254157764651, 0.9422573415441331, 0.9421316660382891, 0.9422363956264924]
[0.9263070252607767, 0.9323342130618743, 0.9332348875204223, 0.9336956977085166, 0.9338161367349503, 0.9345858992082443, 0.9348424866993423, 0.9345230614553224, 0.9351985672992333, 0.9355755938167651, 0.9356279586108668, 0.935832181307863, 0.9365024506723639, 0.9360782958401408, 0.9364500858782623, 0.9365548154664656, 0.9364815047547234, 0.9363505927694692, 0.9363401198106489, 0.9364029575635708, 0.9380157932219011, 0.9371831929956851, 0.9373245779397595, 0.9382828536718194, 0.939654811277282, 0.9393196765950317, 0.9396391018390515, 0.9395815005655398, 0.9394715344979263, 0.9393406225126723, 0.9392830212391605, 0.9396024464831805, 0.9397647773448955, 0.9398171421389971, 0.9399585270830715, 0.940843492103389, 0.9399585270830715, 0.9405973775711114, 0.941450923714968, 0.941613254576683, 0.9416656193707846, 0.9419117339030623, 0.9455825059695865, 0.9468968623015375, 0.9468602069456663, 0.9477399354865736, 0.9474885844748858, 0.9476980436512924, 0.9477661178836245, 0.9478289556365465]
[]
[309797, 359357, 406937, 452617, 496457, 538557, 578957, 617757, 654997, 690737, 725057, 757997, 789617, 819977, 849137, 877117, 903977, 929777, 954537, 978297, 1001117, 1023017, 1044037, 1064217, 1083597, 1102197, 1120057, 1137197, 1153657, 1169457, 1184637, 1199197, 1213177, 1226597, 1239477, 1251857, 1263737, 1275137, 1286077, 1296577, 1306657, 1316337, 1325637, 1334557, 1343117, 1351337, 1359237, 1366817, 1374097, 1381077]
[309797, 359357, 406937, 452617, 496457, 538557, 578957, 617757, 654997, 690737, 725057, 757997, 789617, 819977, 849137, 877117, 903977, 929777, 954537, 978297, 1001117, 1023017, 1044037, 1064217, 1083597, 1102197, 1120057, 1137197, 1153657, 1169457, 1184637, 1199197, 1213177, 1226597, 1239477, 1251857, 1263737, 1275137, 1286077, 1296577, 1306657, 1316337, 1325637, 1334557, 1343117, 1351337, 1359237, 1366817, 1374097, 1381077]
[]

After entropy

[0.9300092162037619, 0.9323970508147962, 0.9320619161325457, 0.9341826902936617, 0.9340989066230991, 0.9345544803317833, 0.9342298186083532, 0.9349053244522643, 0.9357431611578904, 0.9363348833312387, 0.9358531272255037, 0.9366857274517196, 0.9360364040048594, 0.935957856813707, 0.9367642746428722, 0.9364448493988522, 0.93669620041054, 0.9364291399606217, 0.9365809978635165, 0.9367328557664111, 0.9365391060282351, 0.9380419756189519, 0.9380472120983621, 0.9381309957689247, 0.9382200159188974, 0.9384190021364835, 0.9380733944954128, 0.9380995768924637, 0.9388431569687068, 0.9401260944241967, 0.9398171421389971, 0.9398904528507394, 0.9399271082066105, 0.9400632566712748, 0.9397019395919736, 0.9397595408654853, 0.9398747434125089, 0.9401103849859662, 0.9401418038624272, 0.940712580118135, 0.9402465334506305, 0.9406706882828537, 0.9405240668593691, 0.9411210255121277, 0.941613254576683, 0.9416394369737339, 0.9423254157764651, 0.9422573415441331, 0.9421316660382891, 0.9422363956264924]
[309797, 359357, 406937, 452617, 496457, 538557, 578957, 617757, 654997, 690737, 725057, 757997, 789617, 819977, 849137, 877117, 903977, 929777, 954537, 978297, 1001117, 1023017, 1044037, 1064217, 1083597, 1102197, 1120057, 1137197, 1153657, 1169457, 1184637, 1199197, 1213177, 1226597, 1239477, 1251857, 1263737, 1275137, 1286077, 1296577, 1306657, 1316337, 1325637, 1334557, 1343117, 1351337, 1359237, 1366817, 1374097, 1381077]
[]
[]
100%|███████████████████████████████████████████████████████████████████████████████████████████████████████████████████████████████████████████████████████████████████████████| 50/50 [1:01:51<00:00, 74.23s/it]
[0.9313022668838071, 0.9320196683196573, 0.9327108872213524, 0.933533018793823, 0.9337843711217121, 0.9342504202296732, 0.9343865694072798, 0.9346326852283379, 0.9351249168704541, 0.9354652898144705, 0.9350358962543267, 0.9351720454319332, 0.9356380945398943, 0.9358685008404594, 0.9362612388527861, 0.9360465420727141, 0.9367901260427194, 0.9365806657694785, 0.9366382673446197, 0.9366225578241267, 0.9367272879607471, 0.9372038100823703, 0.9373556687804699, 0.9369995863159604, 0.9372823576848356, 0.9374342163829352, 0.937366141794132, 0.9380678337094891, 0.9388480732273116, 0.9389999319254112, 0.9392093921986521, 0.9394764540470343, 0.9393350683625967, 0.9393612508967518, 0.9394921635675274, 0.9397068603475993, 0.939853482538868, 0.9396597317861202, 0.9396806778134442, 0.9401257808940812, 0.9398796650730231, 0.9402200380170396, 0.9403718967151392, 0.9405342284269009, 0.9410735886304964, 0.9412621028764132, 0.9417333884912052, 0.943691842046008, 0.9444511355365063, 0.9457602622442621]
[0.9217927704786691, 0.9237512240334718, 0.9218137165059932, 0.9288358721663953, 0.9300507417511926, 0.925615420465316, 0.9296213481910487, 0.9268826551184236, 0.9270554598438474, 0.9313075033906382, 0.9286683039478025, 0.9284640801813926, 0.9285059722360408, 0.9316950048961339, 0.931496017636555, 0.928333167510617, 0.9328313268784659, 0.9330931522200171, 0.9320039587991642, 0.9289667848371708, 0.9325066634549425, 0.934213764681856, 0.9336115663962884, 0.9331036252336791, 0.9345489011190415, 0.9339938313949531, 0.9343342043389695, 0.935800426251656, 0.934433697968759, 0.9352453565275676, 0.9347845439264375, 0.9339781218744599, 0.9359941770044039, 0.9352034644729194, 0.9356956961150356, 0.9377117512449795, 0.9285007357292098, 0.9322500746202224, 0.9357009326218666, 0.9360098865248969, 0.9358789738541214, 0.9381463813119544, 0.9376646226835003, 0.928579283331675, 0.9369786402886363, 0.9356590405672184, 0.9393193588421036, 0.9384762812423089, 0.9313493954452864, 0.9401886189760534]
[0.9300092162037619, 0.9323970508147962, 0.9320619161325457, 0.9341826902936617, 0.9340989066230991, 0.9345544803317833, 0.9342298186083532, 0.9349053244522643, 0.9357431611578904, 0.9363348833312387, 0.9358531272255037, 0.9366857274517196, 0.9360364040048594, 0.935957856813707, 0.9367642746428722, 0.9364448493988522, 0.93669620041054, 0.9364291399606217, 0.9365809978635165, 0.9367328557664111, 0.9365391060282351, 0.9380419756189519, 0.9380472120983621, 0.9381309957689247, 0.9382200159188974, 0.9384190021364835, 0.9380733944954128, 0.9380995768924637, 0.9388431569687068, 0.9401260944241967, 0.9398171421389971, 0.9398904528507394, 0.9399271082066105, 0.9400632566712748, 0.9397019395919736, 0.9397595408654853, 0.9398747434125089, 0.9401103849859662, 0.9401418038624272, 0.940712580118135, 0.9402465334506305, 0.9406706882828537, 0.9405240668593691, 0.9411210255121277, 0.941613254576683, 0.9416394369737339, 0.9423254157764651, 0.9422573415441331, 0.9421316660382891, 0.9422363956264924]
[]
[]
[309797, 359357, 406937, 452617, 496457, 538557, 578957, 617757, 654997, 690737, 725057, 757997, 789617, 819977, 849137, 877117, 903977, 929777, 954537, 978297, 1001117, 1023017, 1044037, 1064217, 1083597, 1102197, 1120057, 1137197, 1153657, 1169457, 1184637, 1199197, 1213177, 1226597, 1239477, 1251857, 1263737, 1275137, 1286077, 1296577, 1306657, 1316337, 1325637, 1334557, 1343117, 1351337, 1359237, 1366817, 1374097, 1381077]
[]
[]

